[gd_scene format=3 uid="uid://bhf55t2qcp114"]

[ext_resource type="Script" uid="uid://c6plta4xgx5uh" path="res://Server/SphereServer.cs" id="2"]
[ext_resource type="PackedScene" uid="uid://c75fu8t5hnes4" path="res://Godot/Scenes/world_object.tscn" id="4_61mkd"]
[ext_resource type="PackedScene" uid="uid://b4c83wln6qro8" path="res://Godot/Scenes/teleport_with_target.tscn" id="4_s22ep"]
[ext_resource type="PackedScene" uid="uid://6qegskoxrqr4" path="res://Godot/Scenes/npc_interactable.tscn" id="5_5rg3u"]
[ext_resource type="Script" uid="uid://bf5g2twjjlsw3" path="res://Godot/Scripts/Objects/DoorsFill.cs" id="5_g3owr"]
[ext_resource type="PackedScene" uid="uid://2x20dwdkiyxi" path="res://Godot/Scenes/door.tscn" id="5_h4gwc"]
[ext_resource type="Script" uid="uid://bp68x4gui2d2j" path="res://Sphere.Game/WorldObject/Door.cs" id="7_g3owr"]
[ext_resource type="Script" uid="uid://cs50b4byaauol" path="res://Server/UI/ConnectedClients/ConnectedClientsUI.cs" id="7_v85dg"]
[ext_resource type="PackedScene" uid="uid://jecy1l185txr" path="res://Godot/Scenes/Monster.tscn" id="7_wg6ka"]
[ext_resource type="Script" uid="uid://cuq7362rbruhh" path="res://Server/UI/ConnectedClients/ConnectedClientsPopupUI.cs" id="8_w4ogy"]
[ext_resource type="PackedScene" uid="uid://id00aeux6mxl" path="res://Godot/Scenes/firework.tscn" id="9_36cky"]
[ext_resource type="PackedScene" uid="uid://djfolbol74uys" path="res://Godot/Scenes/terrain_scene.tscn" id="10_4x1vl"]
[ext_resource type="Script" uid="uid://dy0pj5pr1a" path="res://Godot/Scripts/Objects/MonsterSpawnersFill.cs" id="11_mspwn"]
[ext_resource type="PackedScene" uid="uid://byemmdrth0vex" path="res://Godot/Scenes/monster_spawner.tscn" id="12_tf661"]
[ext_resource type="Script" uid="uid://cnp02e7y8v0fs" path="res://Godot/Scripts/Objects/CastleChestsFill.cs" id="13_hmakr"]
[ext_resource type="Script" uid="uid://nc7pvchbjtnm" path="res://Godot/Scripts/Objects/CastleElixirPillarsFill.cs" id="13_ip254"]
[ext_resource type="Script" uid="uid://dwpyb7kjylf1u" path="res://Godot/Scripts/Objects/CastleGatesFill.cs" id="13_va0l1"]
[ext_resource type="PackedScene" uid="uid://b6unkupur026v" path="res://Godot/Scenes/castle_chest.tscn" id="15_w4r6w"]
[ext_resource type="PackedScene" uid="uid://crkf5x6uwyr1x" path="res://Godot/Scenes/castle_elixir_pillar.tscn" id="15_ycsak"]
[ext_resource type="Script" uid="uid://bnmmfdba5ihyx" path="res://Godot/Scripts/Objects/CastleTabletsFill.cs" id="16_6fo3i"]
[ext_resource type="PackedScene" uid="uid://o4gude0i3tkc" path="res://Godot/Scenes/castle_gate.tscn" id="16_y2u3u"]
[ext_resource type="PackedScene" uid="uid://dtf6a6bgra1rg" path="res://Godot/Scenes/castle_tablet.tscn" id="17_6fo3i"]

[node name="MainServer" type="Node" unique_id=699851889]
script = ExtResource("2")

[node name="CityTeleports" type="Node3D" parent="." unique_id=188377893]

[node name="Sunpool_1" parent="CityTeleports" unique_id=381472813 instance=ExtResource("4_61mkd")]
transform = Transform3D(0.96377605, 0, 0.26671275, 0, 1, 0, -0.26671275, 0, 0.96377605, 401.599, -153.475, 1307.63)
Angle = 11
ObjectType = 63
_angle = 11
_modelName = ""
_objectType = 63

[node name="Sunpool_2" parent="CityTeleports" unique_id=1848263518 instance=ExtResource("4_61mkd")]
transform = Transform3D(0.24298024, 0, 0.97003126, 0, 1, 0, -0.97003126, 0, 0.24298024, 408.878, -153.485, 1300.12)
Angle = 54
ObjectType = 63
_angle = 54
_modelName = ""
_objectType = 63

[node name="Sunpool_Rodos" parent="CityTeleports" unique_id=563772691 instance=ExtResource("4_s22ep")]
transform = Transform3D(1, 0, 0, 0, 1, 0, 0, 0, 1, 405.302, -159.785, 1186.47)
_angle = 0
_modelName = ""
_objectType = 62
SubtypeID = 996

[node name="Sunpool_Ils" parent="CityTeleports" unique_id=1561650662 instance=ExtResource("4_s22ep")]
transform = Transform3D(1, 0, 0, 0, 1, 0, 0, 0, 1, 251.422, -159.503, 1292.26)
_angle = 0
_modelName = ""
_objectType = 62
SubtypeID = 891

[node name="Sunpool_Tournament" parent="CityTeleports" unique_id=1145928913 instance=ExtResource("4_61mkd")]
transform = Transform3D(0.5349977, 0, -0.84485334, 0, 1, 0, 0.84485334, 0, 0.5349977, 293.295, -159.888, 1391.24)
Angle = 215
ObjectType = 71
_angle = 215
_modelName = ""
_objectType = 71

[node name="Bangville_1" parent="CityTeleports" unique_id=974379942 instance=ExtResource("4_61mkd")]
transform = Transform3D(1, 0, 0, 0, 1, 0, 0, 0, 1, 1896.18, -156.926, 435.485)
ObjectType = 63
_angle = 0
_modelName = ""
_objectType = 63

[node name="NPC" type="Node3D" parent="." unique_id=-1418424086]

[node name="NPC_4034_Ральф_Лайон" parent="NPC" unique_id=1027079415 instance=ExtResource("5_5rg3u")]
transform = Transform3D(-0.12241056, 0, 0.9924783, 0, 1, 0, -0.9924783, 0, -0.12241056, 2610.4182, -158.13353, -1318.6249)
Angle = 69
ID = 4034
ObjectType = 225
ModelName = "npc29d"
_angle = 69
_modelName = "npc29d"
_objectType = 225
NameID = 4271
IconName = "npc_banker"
NpcType = 17
VendorItemTierMax = 15

[node name="NPC_4036_Брюс_Алвер" parent="NPC" unique_id=1841239615 instance=ExtResource("5_5rg3u")]
transform = Transform3D(-0.44961137, 0, 0.8932243, 0, 1, 0, -0.8932243, 0, -0.44961137, 2312.435, -155.42793, 2382.4023)
Angle = 83
ID = 4036
ObjectType = 225
ModelName = "npc29d"
_angle = 83
_modelName = "npc29d"
_objectType = 225
NameID = 4273
IconName = "npc_banker"
NpcType = 17
VendorItemTierMax = 15

[node name="NPC_4177_Саймон_Олди" parent="NPC" unique_id=2095598456 instance=ExtResource("5_5rg3u")]
transform = Transform3D(-0.7071067, 0, 0.7071067, 0, 1, 0, -0.7071067, 0, -0.7071067, 1888.5164, -402.80066, -3306.9531)
Angle = 96
ID = 4177
ObjectType = 225
ModelName = "npc29d"
_angle = 96
_modelName = "npc29d"
_objectType = 225
NameID = 4275
IconName = "npc_banker"
NpcType = 17
VendorItemTierMax = 15

[node name="NPC_4178_Пол_Мови" parent="NPC" unique_id=971663923 instance=ExtResource("5_5rg3u")]
transform = Transform3D(-0.9972905, 0, 0.07356445, 0, 1, 0, -0.07356445, 0, -0.9972905, -2020.4999, 108.7721, -477.63922)
Angle = 125
ID = 4178
ObjectType = 225
ModelName = "npc29d"
_angle = 125
_modelName = "npc29d"
_objectType = 225
NameID = 4276
IconName = "npc_banker"
NpcType = 17
VendorItemTierMax = 15

[node name="NPC_4549_Барт_Миллер" parent="NPC" unique_id=1237029105 instance=ExtResource("5_5rg3u")]
transform = Transform3D(0.55557, 0, -0.8314696, 0, 1, 0, 0.8314696, 0, 0.55557, 3414.4363, -159.57216, 1642.1735)
Angle = 216
ID = 4549
ObjectType = 216
ModelName = "npc68a"
_angle = 216
_modelName = "npc68a"
_objectType = 216
NameID = 4480
IconName = "npc_guilder"
NpcType = 16
VendorItemTierMax = 15

[node name="NPC_4551_Брэд_Баттер" parent="NPC" unique_id=743422386 instance=ExtResource("5_5rg3u")]
transform = Transform3D(0.7883462, 0, -0.6152312, 0, 1, 0, 0.6152312, 0, 0.7883462, 260.45596, -158.2396, 2354.7231)
Angle = 229
ID = 4551
ObjectType = 216
ModelName = "npc08"
_angle = 229
_modelName = "npc08"
_objectType = 216
NameID = 4482
IconName = "npc_guilder"
NpcType = 16
VendorItemTierMax = 15

[node name="NPC_4552_Шарп_Хантер" parent="NPC" unique_id=1918304337 instance=ExtResource("5_5rg3u")]
transform = Transform3D(0.9238795, 0, -0.3826834, 0, 1, 0, 0.3826834, 0, 0.9238795, 2358.044, -158.3224, 1059.7671)
Angle = 240
ID = 4552
ObjectType = 216
ModelName = "npc06"
_angle = 240
_modelName = "npc06"
_objectType = 216
NameID = 4483
IconName = "npc_guilder"
NpcType = 16
VendorItemTierMax = 15

[node name="NPC_4554_Фил_Оакенфилд" parent="NPC" unique_id=1174514499 instance=ExtResource("5_5rg3u")]
transform = Transform3D(-0.83146936, 0, 0.55557, 0, 1, 0, -0.55557, 0, -0.83146936, 1665.0187, -159.77592, 2690.4297)
Angle = 104
ID = 4554
ObjectType = 216
ModelName = "npc58"
_angle = 104
_modelName = "npc58"
_objectType = 216
NameID = 4484
IconName = "npc_guilder"
NpcType = 16
VendorItemTierMax = 15

[node name="NPC_4555_Рейв_Слоттер" parent="NPC" unique_id=841802953 instance=ExtResource("5_5rg3u")]
transform = Transform3D(0.7572089, 0, -0.6531728, 0, 1, 0, 0.6531728, 0, 0.7572089, 3633.8928, -159.50243, 419.5963)
Angle = 227
ID = 4555
ObjectType = 216
ModelName = "npc08"
_angle = 227
_modelName = "npc08"
_objectType = 216
NameID = 4485
IconName = "npc_guilder"
NpcType = 16
VendorItemTierMax = 15

[node name="NPC_4556_Ирвин_Нетралс" parent="NPC" unique_id=1706654759 instance=ExtResource("5_5rg3u")]
transform = Transform3D(-0.40524152, 0, -0.91420966, 0, 1, 0, 0.91420966, 0, -0.40524152, 1610.2263, -159.7336, -245.73726)
Angle = 175
ID = 4556
ObjectType = 216
ModelName = "npc59"
_angle = 175
_modelName = "npc59"
_objectType = 216
NameID = 4486
IconName = "npc_guilder"
NpcType = 16
VendorItemTierMax = 15

[node name="NPC_4697_Крис_Кросс" parent="NPC" unique_id=1655438145 instance=ExtResource("5_5rg3u")]
transform = Transform3D(-0.94154406, 0, -0.33688995, 0, 1, 0, 0.33688995, 0, -0.94154406, 116.6755, -161.03786, -115.14656)
Angle = 142
ID = 4697
ObjectType = 216
ModelName = "npc07"
_angle = 142
_modelName = "npc07"
_objectType = 216
NameID = 4481
IconName = "npc_guilder"
NpcType = 16
VendorItemTierMax = 15

[node name="NPC_4557_Брэм_Стиллер" parent="NPC" unique_id=243088655 instance=ExtResource("5_5rg3u")]
transform = Transform3D(-0.024541285, 0, -0.99969876, 0, 1, 0, 0.99969876, 0, -0.024541285, 1250.2369, -159.84102, -1688.9323)
Angle = 191
ID = 4557
ObjectType = 216
ModelName = "npc64"
_angle = 191
_modelName = "npc64"
_objectType = 216
NameID = 4487
IconName = "npc_guilder"
NpcType = 16
VendorItemTierMax = 15

[node name="NPC_4558_Генри_Стронг" parent="NPC" unique_id=1408303483 instance=ExtResource("5_5rg3u")]
transform = Transform3D(0.4713967, 0, -0.8819213, 0, 1, 0, 0.8819213, 0, 0.4713967, 3503.5095, -159.80066, -2657.437)
Angle = 212
ID = 4558
ObjectType = 216
ModelName = "npc64"
_angle = 212
_modelName = "npc64"
_objectType = 216
NameID = 4488
IconName = "npc_guilder"
NpcType = 16
VendorItemTierMax = 15

[node name="NPC_4559_Абрахам_Стейр" parent="NPC" unique_id=1832755751 instance=ExtResource("5_5rg3u")]
transform = Transform3D(-0.9495276, 0, -0.3136816, 0, 1, 0, 0.3136816, 0, -0.9495276, 2249.266, -159.84824, 3610.8303)
Angle = 141
ID = 4559
ObjectType = 216
ModelName = "npc29a"
_angle = 141
_modelName = "npc29a"
_objectType = 216
NameID = 4489
IconName = "npc_guilder"
NpcType = 16
VendorItemTierMax = 15

[node name="NPC_4561_Роджер_Смит" parent="NPC" unique_id=1252075971 instance=ExtResource("5_5rg3u")]
transform = Transform3D(0.47139677, 0, 0.88192123, 0, 1, 0, -0.88192123, 0, 0.47139677, 2591.9387, -159.84889, -835.37714)
Angle = 44
ID = 4561
ObjectType = 216
ModelName = "npc08"
_angle = 44
_modelName = "npc08"
_objectType = 216
NameID = 4490
IconName = "npc_guilder"
NpcType = 16
VendorItemTierMax = 15

[node name="NPC_4562_Арт_Кендальф" parent="NPC" unique_id=1226074836 instance=ExtResource("5_5rg3u")]
transform = Transform3D(1, 0, 0, 0, 1, 0, 0, 0, 1, 1005.85516, -159.82675, -1098.3345)
ID = 4562
ObjectType = 216
ModelName = "npc80"
_angle = 0
_modelName = "npc80"
_objectType = 216
NameID = 4491
IconName = "npc_guilder"
NpcType = 16
VendorItemTierMax = 15

[node name="NPC_4563_Райс_Корпс" parent="NPC" unique_id=1340569106 instance=ExtResource("5_5rg3u")]
transform = Transform3D(0.098016836, 0, -0.99518347, 0, 1, 0, 0.99518347, 0, 0.098016836, 1717.7867, -159.393, 1688.2068)
Angle = 196
ID = 4563
ObjectType = 216
ModelName = "npc60e"
_angle = 196
_modelName = "npc60e"
_objectType = 216
NameID = 4492
IconName = "npc_guilder"
NpcType = 16
VendorItemTierMax = 15

[node name="NPC_4564_Коннор_Гард" parent="NPC" unique_id=1466791430 instance=ExtResource("5_5rg3u")]
transform = Transform3D(-0.9700303, 0, 0.24297982, 0, 1, 0, -0.24297982, 0, -0.9700303, 3138.5686, -159.835, 2809.8855)
Angle = 118
ID = 4564
ObjectType = 216
ModelName = "npc68b"
_angle = 118
_modelName = "npc68b"
_objectType = 216
NameID = 4493
IconName = "npc_guilder"
NpcType = 16
VendorItemTierMax = 15

[node name="NPC_4572_Джошуа_Хелтер" parent="NPC" unique_id=1094252000 instance=ExtResource("5_5rg3u")]
transform = Transform3D(-0.5956993, 0, 0.8032074, 0, 1, 0, -0.8032074, 0, -0.5956993, -3682.3445, 341.5985, 349.99075)
Angle = 90
ID = 4572
ObjectType = 216
ModelName = "npc59"
_angle = 90
_modelName = "npc59"
_objectType = 216
NameID = 4466
IconName = "npc_guilder"
NpcType = 16
VendorItemTierMax = 15

[node name="NPC_4576_Бэб_Хмарис" parent="NPC" unique_id=1227745603 instance=ExtResource("5_5rg3u")]
transform = Transform3D(0.12241055, 0, -0.9924795, 0, 1, 0, 0.9924795, 0, 0.12241055, -3740.2764, 341.83875, -838.5478)
Angle = 197
ID = 4576
ObjectType = 216
ModelName = "npc29a"
_angle = 197
_modelName = "npc29a"
_objectType = 216
NameID = 4469
IconName = "npc_guilder"
NpcType = 16
VendorItemTierMax = 15

[node name="NPC_4579_Чак_Лойд" parent="NPC" unique_id=145454061 instance=ExtResource("5_5rg3u")]
transform = Transform3D(-0.5555702, 0, -0.83146906, 0, 1, 0, 0.83146906, 0, -0.5555702, -3755.3398, 340.01865, -205.03024)
Angle = 168
ID = 4579
ObjectType = 216
ModelName = "npc60e"
_angle = 168
_modelName = "npc60e"
_objectType = 216
NameID = 4472
IconName = "npc_guilder"
NpcType = 16
VendorItemTierMax = 15

[node name="NPC_4711_Глен_Блосс" parent="NPC" unique_id=308480212 instance=ExtResource("5_5rg3u")]
transform = Transform3D(-0.2902845, 0, 0.95693964, 0, 1, 0, -0.95693964, 0, -0.2902845, -2900.0933, 339.23062, 820.17175)
Angle = 76
ID = 4711
ObjectType = 216
ModelName = "npc07"
_angle = 76
_modelName = "npc07"
_objectType = 216
NameID = 4461
IconName = "npc_guilder"
NpcType = 16
VendorItemTierMax = 15

[node name="NPC_4712_Крег_Наттер" parent="NPC" unique_id=322689756 instance=ExtResource("5_5rg3u")]
transform = Transform3D(-0.09801681, 0, -0.99518347, 0, 1, 0, 0.99518347, 0, -0.09801681, -3166.3767, 341.39468, 2499.7976)
Angle = 188
ID = 4712
ObjectType = 216
ModelName = "npc08"
_angle = 188
_modelName = "npc08"
_objectType = 216
NameID = 4462
IconName = "npc_guilder"
NpcType = 16
VendorItemTierMax = 15

[node name="NPC_4713_Тан_Катчер" parent="NPC" unique_id=1166144920 instance=ExtResource("5_5rg3u")]
transform = Transform3D(-0.9987944, 0, -0.04906761, 0, 1, 0, 0.04906761, 0, -0.9987944, -2435.608, 336.08978, 1859.1884)
Angle = 130
ID = 4713
ObjectType = 216
ModelName = "npc06"
_angle = 130
_modelName = "npc06"
_objectType = 216
NameID = 4463
IconName = "npc_guilder"
NpcType = 16
VendorItemTierMax = 15

[node name="NPC_4714_Билл_Оузноморд" parent="NPC" unique_id=708066300 instance=ExtResource("5_5rg3u")]
transform = Transform3D(0.7572089, 0, -0.6531728, 0, 1, 0, 0.6531728, 0, 0.7572089, -2197.088, 340.78775, 2209.6272)
Angle = 227
ID = 4714
ObjectType = 216
ModelName = "npc58"
_angle = 227
_modelName = "npc58"
_objectType = 216
NameID = 4464
IconName = "npc_guilder"
NpcType = 16
VendorItemTierMax = 15

[node name="NPC_4715_Фил_Плакер" parent="NPC" unique_id=1248726265 instance=ExtResource("5_5rg3u")]
transform = Transform3D(1, 0, 0, 0, 1, 0, 0, 0, 1, -2635.8022, 342.11676, 2455.0757)
ID = 4715
ObjectType = 216
ModelName = "npc08"
_angle = 0
_modelName = "npc08"
_objectType = 216
NameID = 4465
IconName = "npc_guilder"
NpcType = 16
VendorItemTierMax = 15

[node name="NPC_4717_Дэм_Краккер" parent="NPC" unique_id=1831149368 instance=ExtResource("5_5rg3u")]
transform = Transform3D(0.94154394, 0, 0.3368898, 0, 1, 0, -0.3368898, 0, 0.94154394, -3045.5842, 349.90826, -353.8953)
Angle = 14
ID = 4717
ObjectType = 216
ModelName = "npc64"
_angle = 14
_modelName = "npc64"
_objectType = 216
NameID = 4467
IconName = "npc_guilder"
NpcType = 16
VendorItemTierMax = 15

[node name="NPC_4720_Бенджамин_Губьен" parent="NPC" unique_id=855846789 instance=ExtResource("5_5rg3u")]
transform = Transform3D(-0.94154406, 0, -0.33688995, 0, 1, 0, 0.33688995, 0, -0.94154406, -3425.0916, 339.03833, -598.90936)
Angle = 142
ID = 4720
ObjectType = 216
ModelName = "npc08"
_angle = 142
_modelName = "npc08"
_objectType = 216
NameID = 4470
IconName = "npc_guilder"
NpcType = 16
VendorItemTierMax = 15

[node name="NPC_4721_Кунст_Магирер" parent="NPC" unique_id=2070044835 instance=ExtResource("5_5rg3u")]
transform = Transform3D(0.87008697, 0, 0.49289814, 0, 1, 0, -0.49289814, 0, 0.87008697, -3030.3643, 340.33496, 2211.206)
Angle = 21
ID = 4721
ObjectType = 216
ModelName = "npc80"
_angle = 21
_modelName = "npc80"
_objectType = 216
NameID = 4471
IconName = "npc_guilder"
NpcType = 16
VendorItemTierMax = 15

[node name="NPC_4723_Дэвид_Коммон" parent="NPC" unique_id=1561086464 instance=ExtResource("5_5rg3u")]
transform = Transform3D(-0.9415441, 0, 0.3368898, 0, 1, 0, -0.3368898, 0, -0.9415441, -3328.5632, 341.0066, 1278.0227)
Angle = 114
ID = 4723
ObjectType = 216
ModelName = "npc68b"
_angle = 114
_modelName = "npc68b"
_objectType = 216
NameID = 4473
IconName = "npc_guilder"
NpcType = 16
VendorItemTierMax = 15

[node name="NPC_4968_Эвен_Соу" parent="NPC" unique_id=2057291861 instance=ExtResource("5_5rg3u")]
transform = Transform3D(-0.21910137, 0, -0.9757021, 0, 1, 0, 0.9757021, 0, -0.21910137, 1883.0952, -155.56778, 397.69275)
Angle = 183
ID = 4968
ObjectType = 205
ModelName = "npc08"
_angle = 183
_modelName = "npc08"
_objectType = 205
NameID = 4400
IconName = "npc_quest_title"
NpcType = 13
VendorItemTierMax = 15

[node name="NPC_4969_Маршан_Бусико" parent="NPC" unique_id=189070307 instance=ExtResource("5_5rg3u")]
transform = Transform3D(1, 0, 0, 0, 1, 0, 0, 0, 1, 2603.8325, -157.5283, -1293.5085)
ID = 4969
ObjectType = 205
ModelName = "npc07"
_angle = 0
_modelName = "npc07"
_objectType = 205
NameID = 4401
IconName = "npc_quest_title"
NpcType = 13
VendorItemTierMax = 15

[node name="NPC_4970_Аминик_Айон" parent="NPC" unique_id=1022148892 instance=ExtResource("5_5rg3u")]
transform = Transform3D(1, 0, 0, 0, 1, 0, 0, 0, 1, 2270.0708, -159.303, -575.78955)
ID = 4970
ObjectType = 209
ModelName = "npc59"
_angle = 0
_modelName = "npc59"
_objectType = 209
NameID = 4403
IconName = "npc_quest_dgree"
NpcType = 14
VendorItemTierMax = 15

[node name="NPC_4971_Хебеш_Дантар" parent="NPC" unique_id=1211790332 instance=ExtResource("5_5rg3u")]
transform = Transform3D(1, 0, 0, 0, 1, 0, 0, 0, 1, 1923.285, -159.60577, 478.27335)
ID = 4971
ObjectType = 209
ModelName = "npc59"
_angle = 0
_modelName = "npc59"
_objectType = 209
NameID = 4404
IconName = ""
NpcType = 14
VendorItemTierMax = 15

[node name="NPC_4972_Лесли_Нольсен" parent="NPC" unique_id=239930949 instance=ExtResource("5_5rg3u")]
transform = Transform3D(-0.8032074, 0, -0.59569925, 0, 1, 0, 0.59569925, 0, -0.8032074, 393.20547, -152.91183, 1290.374)
Angle = 154
ID = 4972
ObjectType = 205
ModelName = "npc06"
_angle = 154
_modelName = "npc06"
_objectType = 205
NameID = 4402
IconName = "npc_quest_title"
NpcType = 13
VendorItemTierMax = 15

[node name="NPC_4973_Эдгар_Гуверер" parent="NPC" unique_id=780811947 instance=ExtResource("5_5rg3u")]
transform = Transform3D(1, 0, 0, 0, 1, 0, 0, 0, 1, 2306.6943, -155.50726, 2393.5874)
ID = 4973
ObjectType = 205
ModelName = "npc06"
_angle = 0
_modelName = "npc06"
_objectType = 205
NameID = 4405
IconName = "npc_quest_title"
NpcType = 13
VendorItemTierMax = 15

[node name="NPC_4974_Ромул_Канибус" parent="NPC" unique_id=969140550 instance=ExtResource("5_5rg3u")]
transform = Transform3D(-1, 0, -8.742278e-08, 0, 1, 0, 8.742278e-08, 0, -1, 2795.8909, -159.82127, -1437.4478)
Angle = 128
ID = 4974
ObjectType = 205
ModelName = "npc07"
_angle = 128
_modelName = "npc07"
_objectType = 205
NameID = 4500
IconName = "npc_quest_title"
NpcType = 13
VendorItemTierMax = 15

[node name="NPC_4975_Аллан_Мамнок" parent="NPC" unique_id=827529202 instance=ExtResource("5_5rg3u")]
transform = Transform3D(-4.3711385e-08, 0, 0.99999994, 0, 1, 0, -0.99999994, 0, -4.3711385e-08, 2285.9993, -159.90208, -1396.0286)
Angle = 64
ID = 4975
ObjectType = 209
ModelName = "npc59"
_angle = 64
_modelName = "npc59"
_objectType = 209
NameID = 4501
IconName = "npc_quest_dgree"
NpcType = 14
VendorItemTierMax = 15

[node name="NPC_4976_Джером_Лежар" parent="NPC" unique_id=905128514 instance=ExtResource("5_5rg3u")]
transform = Transform3D(-0.7572086, 0, 0.6531727, 0, 1, 0, -0.6531727, 0, -0.7572086, 3231.4973, -159.80093, -589.6371)
Angle = 99
ID = 4976
ObjectType = 205
ModelName = "npc08"
_angle = 99
_modelName = "npc08"
_objectType = 205
NameID = 4502
IconName = ""
NpcType = 13
VendorItemTierMax = 15

[node name="NPC_4977_Годфирд_Сеймак" parent="NPC" unique_id=187362408 instance=ExtResource("5_5rg3u")]
transform = Transform3D(0.40524128, 0, 0.9142098, 0, 1, 0, -0.9142098, 0, 0.40524128, 491.7326, -159.8493, 202.9544)
Angle = 47
ID = 4977
ObjectType = 209
ModelName = "npc59"
_angle = 47
_modelName = "npc59"
_objectType = 209
NameID = 4503
IconName = "npc_quest_dgree"
NpcType = 14
VendorItemTierMax = 15

[node name="NPC_4978_Рейнольд_Рейган" parent="NPC" unique_id=1857431908 instance=ExtResource("5_5rg3u")]
transform = Transform3D(1.192488e-08, 0, -0.99999994, 0, 1, 0, 0.99999994, 0, 1.192488e-08, 2812.2468, -159.67592, 539.9316)
Angle = 192
ID = 4978
ObjectType = 209
ModelName = "npc59"
_angle = 192
_modelName = "npc59"
_objectType = 209
NameID = 4504
IconName = "npc_quest_dgree"
NpcType = 14
VendorItemTierMax = 15

[node name="NPC_4979_Джабраил_Даматакар" parent="NPC" unique_id=728466610 instance=ExtResource("5_5rg3u")]
transform = Transform3D(0.6343923, 0, 0.7730093, 0, 1, 0, -0.7730093, 0, 0.6343923, 3092.8135, -159.85, 1700.121)
Angle = 36
ID = 4979
ObjectType = 209
ModelName = "npc59"
_angle = 36
_modelName = "npc59"
_objectType = 209
NameID = 4505
IconName = "npc_quest_dgree"
NpcType = 14
VendorItemTierMax = 15

[node name="NPC_4980_Кельвин_Биг" parent="NPC" unique_id=389959422 instance=ExtResource("5_5rg3u")]
transform = Transform3D(1.192488e-08, 0, -0.99999994, 0, 1, 0, 0.99999994, 0, 1.192488e-08, 799.7654, -159.88292, 2430.864)
Angle = 192
ID = 4980
ObjectType = 205
ModelName = "npc06"
_angle = 192
_modelName = "npc06"
_objectType = 205
NameID = 4506
IconName = "npc_quest_title"
NpcType = 13
VendorItemTierMax = 15

[node name="NPC_4981_Рекс_Скаут" parent="NPC" unique_id=1453019759 instance=ExtResource("5_5rg3u")]
transform = Transform3D(0.35989514, 0, -0.93299276, 0, 1, 0, 0.93299276, 0, 0.35989514, 1606.3507, -159.87892, 3293.4968)
Angle = 207
ID = 4981
ObjectType = 209
ModelName = "npc59"
_angle = 207
_modelName = "npc59"
_objectType = 209
NameID = 4507
IconName = "npc_quest_dgree"
NpcType = 14
VendorItemTierMax = 15

[node name="NPC_4982_Дамбер_Данадон" parent="NPC" unique_id=1808946039 instance=ExtResource("5_5rg3u")]
transform = Transform3D(-0.8448535, 0, 0.5349977, 0, 1, 0, -0.5349977, 0, -0.8448535, 2693.8438, -159.8904, -1306.2284)
Angle = 105
ID = 4982
ObjectType = 209
ModelName = "npc59"
_angle = 105
_modelName = "npc59"
_objectType = 209
NameID = 4406
IconName = "npc_quest_dgree"
NpcType = 14
VendorItemTierMax = 15

[node name="NPC_4983_Камил_Ростон" parent="NPC" unique_id=427681024 instance=ExtResource("5_5rg3u")]
transform = Transform3D(0.07356453, 0, 0.99728936, 0, 1, 0, -0.99728936, 0, 0.07356453, 2333.1484, -156.5681, 2462.077)
Angle = 61
ID = 4983
ObjectType = 209
ModelName = "npc59"
_angle = 61
_modelName = "npc59"
_objectType = 209
NameID = 4408
IconName = "npc_quest_dgree"
NpcType = 14
VendorItemTierMax = 15

[node name="NPC_4984_Юджин_Зеленски" parent="NPC" unique_id=1324568490 instance=ExtResource("5_5rg3u")]
transform = Transform3D(0.8032074, 0, -0.5956995, 0, 1, 0, 0.5956995, 0, 0.8032074, 344.14066, -160.06856, 1405.1884)
Angle = 230
ID = 4984
ObjectType = 209
ModelName = "npc59"
_angle = 230
_modelName = "npc59"
_objectType = 209
NameID = 4407
IconName = "npc_quest_dgree"
NpcType = 14
VendorItemTierMax = 15

[node name="NPC_4986_Лабанар_Саранаман" parent="NPC" unique_id=1244787066 instance=ExtResource("5_5rg3u")]
transform = Transform3D(0.21910098, 0, 0.97570103, 0, 1, 0, -0.97570103, 0, 0.21910098, 2260.1743, -159.80359, -580.3991)
Angle = 55
ID = 4986
ObjectType = 208
ModelName = "npc58"
_angle = 55
_modelName = "npc58"
_objectType = 208
NameID = 4109
IconName = ""
NpcType = 15
VendorItemTierMax = 15

[node name="NPC_4988_Ивален_Ханаред" parent="NPC" unique_id=1776470941 instance=ExtResource("5_5rg3u")]
transform = Transform3D(-0.5956991, 0, -0.8032074, 0, 1, 0, 0.8032074, 0, -0.5956991, 2927.6812, -158.85347, 629.9288)
Angle = 166
ID = 4988
ObjectType = 208
ModelName = "npc58"
_angle = 166
_modelName = "npc58"
_objectType = 208
NameID = 4111
IconName = "npc_quest_karma"
NpcType = 15
VendorItemTierMax = 15

[node name="NPC_4989_Карамил_Белендо" parent="NPC" unique_id=1511122451 instance=ExtResource("5_5rg3u")]
transform = Transform3D(-0.99969745, 0, -0.024541114, 0, 1, 0, 0.024541114, 0, -0.99969745, 194.12448, -159.83362, 634.8464)
Angle = 129
ID = 4989
ObjectType = 208
ModelName = "npc58"
_angle = 129
_modelName = "npc58"
_objectType = 208
NameID = 4112
IconName = "npc_quest_karma"
NpcType = 15
VendorItemTierMax = 15

[node name="NPC_4990_Тенус_Харбаланзо" parent="NPC" unique_id=220620326 instance=ExtResource("5_5rg3u")]
transform = Transform3D(-0.40524152, 0, -0.91420966, 0, 1, 0, 0.91420966, 0, -0.40524152, 627.10114, -159.82895, 1811.0917)
Angle = 175
ID = 4990
ObjectType = 208
ModelName = "npc58"
_angle = 175
_modelName = "npc58"
_objectType = 208
NameID = 4113
IconName = "npc_quest_karma"
NpcType = 15
VendorItemTierMax = 15

[node name="NPC_4991_Манокар_Арабрахнар" parent="NPC" unique_id=474048253 instance=ExtResource("5_5rg3u")]
transform = Transform3D(0.14673038, 0, -0.9891762, 0, 1, 0, 0.9891762, 0, 0.14673038, 2331.3213, -159.44356, 2121.5525)
Angle = 198
ID = 4991
ObjectType = 208
ModelName = "npc58"
_angle = 198
_modelName = "npc58"
_objectType = 208
NameID = 4114
IconName = "npc_quest_karma"
NpcType = 15
VendorItemTierMax = 15

[node name="NPC_4992_Сандал_Нагорадус" parent="NPC" unique_id=1039444790 instance=ExtResource("5_5rg3u")]
transform = Transform3D(-0.903989, 0, -0.42755488, 0, 1, 0, 0.42755488, 0, -0.903989, 1409.9712, -159.73322, 3329.0017)
Angle = 146
ID = 4992
ObjectType = 208
ModelName = "npc58"
_angle = 146
_modelName = "npc58"
_objectType = 208
NameID = 4115
IconName = ""
NpcType = 15
VendorItemTierMax = 15

[node name="NPC_5003_Лукиас_Амонос" parent="NPC" unique_id=1702935475 instance=ExtResource("5_5rg3u")]
transform = Transform3D(-0.049067803, 0, -0.99879545, 0, 1, 0, 0.99879545, 0, -0.049067803, -3427.3103, 335.2809, 909.4776)
Angle = 190
ID = 5003
ObjectType = 205
ModelName = "npc08"
_angle = 190
_modelName = "npc08"
_objectType = 205
NameID = 4417
IconName = ""
NpcType = 13
VendorItemTierMax = 15

[node name="NPC_5004_Пелепос_Радокис" parent="NPC" unique_id=940080452 instance=ExtResource("5_5rg3u")]
transform = Transform3D(0.59569883, 0, 0.8032069, 0, 1, 0, -0.8032069, 0, 0.59569883, -3371.5984, 339.39636, 1006.175)
Angle = 38
ID = 5004
ObjectType = 209
ModelName = "npc59"
_angle = 38
_modelName = "npc59"
_objectType = 209
NameID = 4418
IconName = "npc_quest_dgree"
NpcType = 14
VendorItemTierMax = 15

[node name="NPC_5109_Кларк_Хамметт" parent="NPC" unique_id=2066072334 instance=ExtResource("5_5rg3u")]
transform = Transform3D(-0.31368166, 0, -0.94952816, 0, 1, 0, 0.94952816, 0, -0.31368166, 296.15265, -159.91182, 1392.3254)
Angle = 179
ID = 5109
ObjectType = 239
ModelName = "npc55"
_angle = 179
_modelName = "npc55"
_objectType = 239
NameID = 4390
IconName = "npc_guilder"
NpcType = 19
VendorItemTierMax = 15

[node name="NPC_5110_Ларс_Зульрих" parent="NPC" unique_id=1694379340 instance=ExtResource("5_5rg3u")]
transform = Transform3D(-0.78834647, 0, 0.6152315, 0, 1, 0, -0.6152315, 0, -0.78834647, 2291.3997, -159.62852, 2294.8455)
Angle = 101
ID = 5110
ObjectType = 239
ModelName = "npc55"
_angle = 101
_modelName = "npc55"
_objectType = 239
NameID = 4391
IconName = "npc_guilder"
NpcType = 19
VendorItemTierMax = 15

[node name="NPC_5111_Джеймс_Хэтбилд" parent="NPC" unique_id=139136346 instance=ExtResource("5_5rg3u")]
transform = Transform3D(-0.98917574, 0, -0.14673038, 0, 1, 0, 0.14673038, 0, -0.98917574, 2639.222, -157.60866, -1239.1997)
Angle = 134
ID = 5111
ObjectType = 239
ModelName = "npc55"
_angle = 134
_modelName = "npc55"
_objectType = 239
NameID = 4392
IconName = "npc_guilder"
NpcType = 19
VendorItemTierMax = 15

[node name="NPC_5112_Клифф_Бимтон" parent="NPC" unique_id=716519528 instance=ExtResource("5_5rg3u")]
transform = Transform3D(0.9924795, 0, 0.12241066, 0, 1, 0, -0.12241066, 0, 0.9924795, 1993.3102, -159.90143, 387.48083)
Angle = 5
ID = 5112
ObjectType = 239
ModelName = "npc55"
_angle = 5
_modelName = "npc55"
_objectType = 239
NameID = 4393
IconName = "npc_guilder"
NpcType = 19
VendorItemTierMax = 15

[node name="NPC_5134_Криг_Дарелвуд" parent="NPC" unique_id=1604158659 instance=ExtResource("5_5rg3u")]
transform = Transform3D(1, 0, 0, 0, 1, 0, 0, 0, 1, -2693.3057, -402.82712, -2106.4126)
ID = 5134
ObjectType = 205
ModelName = "npc06"
_angle = 0
_modelName = "npc06"
_objectType = 205
NameID = 4409
IconName = "npc_quest_title"
NpcType = 13
VendorItemTierMax = 15

[node name="NPC_5135_Эмиль_Картоне" parent="NPC" unique_id=2007151699 instance=ExtResource("5_5rg3u")]
transform = Transform3D(-0.21910137, 0, -0.9757021, 0, 1, 0, 0.9757021, 0, -0.21910137, 1883.0952, -402.76764, -3302.3071)
Angle = 183
ID = 5135
ObjectType = 205
ModelName = "npc07"
_angle = 183
_modelName = "npc07"
_objectType = 205
NameID = 4410
IconName = "npc_quest_title"
NpcType = 13
VendorItemTierMax = 15

[node name="NPC_5136_Джорд_Сармаран" parent="NPC" unique_id=1136110650 instance=ExtResource("5_5rg3u")]
transform = Transform3D(-0.94154406, 0, -0.33688995, 0, 1, 0, 0.33688995, 0, -0.94154406, -2725.1245, -404.50873, -2057.0923)
Angle = 142
ID = 5136
ObjectType = 209
ModelName = "npc59"
_angle = 142
_modelName = "npc59"
_objectType = 209
NameID = 4411
IconName = "npc_quest_dgree"
NpcType = 14
VendorItemTierMax = 15

[node name="NPC_5137_Беннет_Макфрансен" parent="NPC" unique_id=1881490635 instance=ExtResource("5_5rg3u")]
transform = Transform3D(1, 0, 0, 0, 1, 0, 0, 0, 1, 1867.2424, -402.69522, -3277.9004)
ID = 5137
ObjectType = 209
ModelName = "npc59"
_angle = 0
_modelName = "npc59"
_objectType = 209
NameID = 4412
IconName = "npc_quest_dgree"
NpcType = 14
VendorItemTierMax = 15

[node name="NPC_5138_Бенарадин_Маракантар" parent="NPC" unique_id=764421537 instance=ExtResource("5_5rg3u")]
transform = Transform3D(1, 0, 0, 0, 1, 0, 0, 0, 1, -702.9443, -403.75577, -984.1764)
ID = 5138
ObjectType = 208
ModelName = "npc58"
_angle = 0
_modelName = "npc58"
_objectType = 208
NameID = 4185
IconName = "npc_quest_karma"
NpcType = 15
VendorItemTierMax = 15

[node name="NPC_5139_Абдул_Алибандан" parent="NPC" unique_id=1027278205 instance=ExtResource("5_5rg3u")]
transform = Transform3D(1, 0, 0, 0, 1, 0, 0, 0, 1, -198.7532, -408.4645, -2401.1982)
ID = 5139
ObjectType = 208
ModelName = "npc58"
_angle = 0
_modelName = "npc58"
_objectType = 208
NameID = 4186
IconName = "npc_quest_karma"
NpcType = 15
VendorItemTierMax = 15

[node name="NPC_5140_Саул_Кензер" parent="NPC" unique_id=1254908398 instance=ExtResource("5_5rg3u")]
transform = Transform3D(-0.8577286, 0, -0.51410264, 0, 1, 0, 0.51410264, 0, -0.8577286, -2032.1412, 108.76794, -477.87692)
Angle = 150
ID = 5140
ObjectType = 205
ModelName = "npc07"
_angle = 150
_modelName = "npc07"
_objectType = 205
NameID = 4413
IconName = "npc_quest_title"
NpcType = 13
VendorItemTierMax = 15

[node name="NPC_5141_Рэм_Пенго" parent="NPC" unique_id=1264973669 instance=ExtResource("5_5rg3u")]
transform = Transform3D(0.8175847, 0, 0.57580817, 0, 1, 0, -0.57580817, 0, 0.8175847, -1878.5946, 91.002914, -491.33972)
Angle = 25
ID = 5141
ObjectType = 209
ModelName = "npc59"
_angle = 25
_modelName = "npc59"
_objectType = 209
NameID = 4414
IconName = "npc_quest_dgree"
NpcType = 14
VendorItemTierMax = 15

[node name="NPC_5146_Микус_Галактос" parent="NPC" unique_id=1632649675 instance=ExtResource("5_5rg3u")]
transform = Transform3D(0.6343933, 0, -0.7730104, 0, 1, 0, 0.7730104, 0, 0.6343933, -3380.3523, 342.809, 1755.156)
Angle = 220
ID = 5146
ObjectType = 208
ModelName = "npc58"
_angle = 220
_modelName = "npc58"
_objectType = 208
NameID = 4419
IconName = "npc_quest_karma"
NpcType = 15
VendorItemTierMax = 15

[node name="NPC_5147_Джордж_Банхрус" parent="NPC" unique_id=807350372 instance=ExtResource("5_5rg3u")]
transform = Transform3D(-0.9852775, 0, 0.17096178, 0, 1, 0, -0.17096178, 0, -0.9852775, 1902.9355, -156.00066, 415.1873)
Angle = 121
ID = 5147
ModelName = "npc08"
_angle = 121
_modelName = "npc08"
_objectType = 213
NameID = 4000
IconName = "npc_trade_wpon"
NpcType = 11
VendorItemTierMax = 15

[node name="NPC_5148_Самания_Ролс" parent="NPC" unique_id=1401908937 instance=ExtResource("5_5rg3u")]
transform = Transform3D(-0.8314694, 0, -0.5555702, 0, 1, 0, 0.5555702, 0, -0.8314694, 2590.675, -156.77106, -1314.979)
Angle = 152
ID = 5148
ModelName = "npc14b"
_angle = 152
_modelName = "npc14b"
_objectType = 213
NameID = 4001
IconName = "npc_trade_jewel"
NpcType = 8
VendorItemTierMax = 15

[node name="NPC_5149_Хьюго_Бод" parent="NPC" unique_id=1195824367 instance=ExtResource("5_5rg3u")]
transform = Transform3D(0.7572089, 0, -0.6531728, 0, 1, 0, 0.6531728, 0, 0.7572089, 2594.701, -157.47464, -1293.3757)
Angle = 227
ID = 5149
ModelName = "npc08"
_angle = 227
_modelName = "npc08"
_objectType = 213
NameID = 4002
IconName = "npc_trade_wpon"
NpcType = 11
VendorItemTierMax = 15

[node name="NPC_5150_Сьюзан_Голд" parent="NPC" unique_id=665158101 instance=ExtResource("5_5rg3u")]
transform = Transform3D(0.4928981, 0, -0.8700868, 0, 1, 0, 0.8700868, 0, 0.4928981, 1888.3804, -156.99612, 433.2471)
Angle = 213
ID = 5150
ModelName = "npc14b"
_angle = 213
_modelName = "npc14b"
_objectType = 213
NameID = 4003
IconName = "npc_trade_jewel"
NpcType = 8
VendorItemTierMax = 15

[node name="NPC_5151_Саймон_Пайк" parent="NPC" unique_id=606671779 instance=ExtResource("5_5rg3u")]
transform = Transform3D(0.024541307, 0, -0.99969876, 0, 1, 0, 0.99969876, 0, 0.024541307, 390.99884, -153.36359, 1308.5077)
Angle = 193
ID = 5151
ModelName = "npc08"
_angle = 193
_modelName = "npc08"
_objectType = 213
NameID = 4004
IconName = "npc_trade_wpon"
NpcType = 11
VendorItemTierMax = 15

[node name="NPC_5153_Анита_Томпсон" parent="NPC" unique_id=1031562859 instance=ExtResource("5_5rg3u")]
transform = Transform3D(0.1224105, 0, 0.99247855, 0, 1, 0, -0.99247855, 0, 0.1224105, 421.54904, -153.04205, 1315.5256)
Angle = 59
ID = 5153
ModelName = "npc14b"
_angle = 59
_modelName = "npc14b"
_objectType = 213
NameID = 4005
IconName = "npc_trade_jewel"
NpcType = 8
VendorItemTierMax = 15

[node name="NPC_5154_Эндрю_Бамбх" parent="NPC" unique_id=1731933162 instance=ExtResource("5_5rg3u")]
transform = Transform3D(1, 0, 0, 0, 1, 0, 0, 0, 1, 2284.817, -155.80453, 2414.3284)
ID = 5154
ModelName = "npc08"
_angle = 0
_modelName = "npc08"
_objectType = 213
NameID = 4006
IconName = "npc_trade_wpon"
NpcType = 11
VendorItemTierMax = 15

[node name="NPC_5155_Сола_Маркес" parent="NPC" unique_id=1875754101 instance=ExtResource("5_5rg3u")]
transform = Transform3D(1, 0, 0, 0, 1, 0, 0, 0, 1, 2323.6526, -157.29404, 2417.7415)
ID = 5155
ModelName = "npc14b"
_angle = 0
_modelName = "npc14b"
_objectType = 213
NameID = 4007
IconName = "npc_trade_jewel"
NpcType = 8
VendorItemTierMax = 15

[node name="NPC_5156_Квентин_Дорбун" parent="NPC" unique_id=956619740 instance=ExtResource("5_5rg3u")]
transform = Transform3D(0.4713967, 0, -0.8819213, 0, 1, 0, 0.8819213, 0, 0.4713967, 2611.1172, -157.59186, -1279.7626)
Angle = 212
ID = 5156
ModelName = "npc29c"
_angle = 212
_modelName = "npc29c"
_objectType = 213
NameID = 4008
IconName = "npc_trade_armor"
NpcType = 7
VendorItemTierMax = 15

[node name="NPC_5157_Сеймур_Ботус" parent="NPC" unique_id=119095610 instance=ExtResource("5_5rg3u")]
transform = Transform3D(1, 0, 0, 0, 1, 0, 0, 0, 1, 2581.1965, -157.85597, -1300.844)
ID = 5157
ModelName = "npc29b"
_angle = 0
_modelName = "npc29b"
_objectType = 213
NameID = 4009
IconName = "npc_trade_travl"
NpcType = 10
VendorItemTierMax = 15

[node name="NPC_5158_Сара_Боннор" parent="NPC" unique_id=1929694279 instance=ExtResource("5_5rg3u")]
transform = Transform3D(-0.31368166, 0, -0.94952816, 0, 1, 0, 0.94952816, 0, -0.31368166, 2599.4067, -156.81796, -1304.6029)
Angle = 179
ID = 5158
ModelName = "npc14"
_angle = 179
_modelName = "npc14"
_objectType = 213
NameID = 4010
NpcType = 9
VendorItemTierMax = 15

[node name="NPC_5159_Альфред_Кромвель" parent="NPC" unique_id=1689478342 instance=ExtResource("5_5rg3u")]
transform = Transform3D(-0.6531727, 0, 0.7572086, 0, 1, 0, -0.7572086, 0, -0.6531727, 1890.6172, -155.72084, 402.5326)
Angle = 93
ID = 5159
ModelName = "npc29c"
_angle = 93
_modelName = "npc29c"
_objectType = 213
NameID = 4011
IconName = "npc_trade_armor"
NpcType = 7
VendorItemTierMax = 15

[node name="NPC_5160_Дин_Габбе" parent="NPC" unique_id=1519511252 instance=ExtResource("5_5rg3u")]
transform = Transform3D(0.90398926, 0, -0.4275552, 0, 1, 0, 0.4275552, 0, 0.90398926, 1885.2067, -155.61386, 410.42502)
Angle = 238
ID = 5160
ModelName = "npc29b"
_angle = 238
_modelName = "npc29b"
_objectType = 213
NameID = 4012
IconName = "npc_trade_travl"
NpcType = 10
VendorItemTierMax = 15

[node name="NPC_5161_Дорис_Найт" parent="NPC" unique_id=1981321618 instance=ExtResource("5_5rg3u")]
transform = Transform3D(-0.87008685, 0, 0.49289802, 0, 1, 0, -0.49289802, 0, -0.87008685, 1899.8375, -155.9544, 412.2926)
Angle = 107
ID = 5161
ModelName = "npc14"
_angle = 107
_modelName = "npc14"
_objectType = 213
NameID = 4013
NpcType = 9
VendorItemTierMax = 15

[node name="NPC_5162_Сэмюэл_Нектарус" parent="NPC" unique_id=732488342 instance=ExtResource("5_5rg3u")]
transform = Transform3D(-0.5956993, 0, 0.8032074, 0, 1, 0, -0.8032074, 0, -0.5956993, 424.38107, -153.4665, 1287.3048)
Angle = 90
ID = 5162
ModelName = "npc29c"
_angle = 90
_modelName = "npc29c"
_objectType = 213
NameID = 4014
IconName = "npc_trade_armor"
NpcType = 7
VendorItemTierMax = 15

[node name="NPC_5163_Джордж_Башнер" parent="NPC" unique_id=849601603 instance=ExtResource("5_5rg3u")]
transform = Transform3D(1, 0, 0, 0, 1, 0, 0, 0, 1, 401.70984, -153.37973, 1271.2133)
ID = 5163
ModelName = "npc29b"
_angle = 0
_modelName = "npc29b"
_objectType = 213
NameID = 4015
IconName = "npc_trade_travl"
NpcType = 10
VendorItemTierMax = 15

[node name="NPC_5164_Альма_Мэддокс" parent="NPC" unique_id=1832182545 instance=ExtResource("5_5rg3u")]
transform = Transform3D(1, 0, 0, 0, 1, 0, 0, 0, 1, 379.604, -152.9312, 1280.7285)
ID = 5164
ModelName = "npc14"
_angle = 0
_modelName = "npc14"
_objectType = 213
NpcType = 6
VendorItemTierMax = 15

[node name="NPC_5165_Алан_По" parent="NPC" unique_id=2075651874 instance=ExtResource("5_5rg3u")]
transform = Transform3D(0.9329926, 0, -0.35989487, 0, 1, 0, 0.35989487, 0, 0.9329926, 2290.5566, -156.70428, 2435.2573)
Angle = 241
ID = 5165
ModelName = "npc29c"
_angle = 241
_modelName = "npc29c"
_objectType = 213
NameID = 4017
IconName = "npc_trade_armor"
NpcType = 7
VendorItemTierMax = 15

[node name="NPC_5166_Клод_Одоро" parent="NPC" unique_id=385156064 instance=ExtResource("5_5rg3u")]
transform = Transform3D(-0.8932243, 0, -0.4496113, 0, 1, 0, 0.4496113, 0, -0.8932243, 2296.1755, -155.48933, 2374.544)
Angle = 147
ID = 5166
ModelName = "npc29a"
_angle = 147
_modelName = "npc29a"
_objectType = 213
NameID = 4018
IconName = "npc_trade_travl"
NpcType = 10
VendorItemTierMax = 15

[node name="NPC_5167_Грейс_Полянски" parent="NPC" unique_id=1986105131 instance=ExtResource("5_5rg3u")]
transform = Transform3D(-0.33688962, 0, 0.9415436, 0, 1, 0, -0.9415436, 0, -0.33688962, 2308.309, -155.45453, 2407.6033)
Angle = 78
ID = 5167
ModelName = "npc14"
_angle = 78
_modelName = "npc14"
_objectType = 213
NameID = 4019
NpcType = 9
VendorItemTierMax = 15

[node name="NPC_5168_Фредди_Мальк" parent="NPC" unique_id=299204432 instance=ExtResource("5_5rg3u")]
transform = Transform3D(1.192488e-08, 0, -0.99999994, 0, 1, 0, 0.99999994, 0, 1.192488e-08, -3709.637, -1099.9805, 3897.1338)
Angle = 192
ID = 5168
ModelName = "npc29c"
_angle = 192
_modelName = "npc29c"
_objectType = 213
NameID = 4200
IconName = "npc_tavernkeepr"
NpcType = 5
VendorItemTierMax = 15

[node name="NPC_5169_Скотт_Фолк" parent="NPC" unique_id=1109712468 instance=ExtResource("5_5rg3u")]
